****
x: 1 2 3 2 4 1 2 
y: 2 4 3 1 2 1 
LCS: 2 3 2 1 len: 4
****
x: 1 2 3 
y: 4 5 6 
LCS: len: 0
****
x: 1 2 5 -1 6 7 2 5 0 9 14 5 6 
y: 1 6 2 8 4 7 6 10 2 -1 5 2 5 
LCS: 1 2 6 2 5 5 len: 6
****

****
x: 1 -2 3 2 -4 1 2 
segment: 3 2 sum: 5
****
x: 0 4 -5 6 -2 7 8 -3 4 
segment: 6 -2 7 8 -3 4 sum: 20
****
x: -1 -2 -3 -4 
segment: sum: 0
****
x: 3 -1 5 0 0 -5 4 -1 7 -12 9 3 
segment: 3 -1 5 0 0 -5 4 -1 7 sum: 12
****

****
x: 1 -2 3 2 -4 1 2 
LAS: -4 1 2 len: 3
****
x: 0 4 -5 6 -2 7 8 -3 4 
LAS: 0 4 6 7 8 len: 5
****
x: 3 2 2 1 0 -1 
LAS: 3 len: 1
****

